{
 "cells": [
  {
   "cell_type": "code",
   "execution_count": 1,
   "metadata": {
    "code_folding": [
     0
    ]
   },
   "outputs": [],
   "source": [
    "# Generic inputs for most ML tasks\n",
    "import pandas as pd\n",
    "import numpy as np\n",
    "import matplotlib.pyplot as plt\n",
    "from sklearn.model_selection import train_test_split\n",
    "from sklearn.linear_model import LinearRegression\n",
    "from sklearn.linear_model import Ridge\n",
    "from sklearn.linear_model import Lasso\n",
    "from sklearn.ensemble import RandomForestRegressor\n",
    "\n",
    "pd.options.display.float_format = '{:,.2f}'.format\n",
    "\n",
    "# setup interactive notebook mode\n",
    "from IPython.core.interactiveshell import InteractiveShell\n",
    "InteractiveShell.ast_node_interactivity = \"all\"\n",
    "\n",
    "from IPython.display import display, HTML"
   ]
  },
  {
   "cell_type": "markdown",
   "metadata": {},
   "source": [
    "#### Read and pre-process data"
   ]
  },
  {
   "cell_type": "code",
   "execution_count": 2,
   "metadata": {
    "code_folding": [
     0
    ]
   },
   "outputs": [
    {
     "data": {
      "text/html": [
       "<div>\n",
       "<style scoped>\n",
       "    .dataframe tbody tr th:only-of-type {\n",
       "        vertical-align: middle;\n",
       "    }\n",
       "\n",
       "    .dataframe tbody tr th {\n",
       "        vertical-align: top;\n",
       "    }\n",
       "\n",
       "    .dataframe thead th {\n",
       "        text-align: right;\n",
       "    }\n",
       "</style>\n",
       "<table border=\"1\" class=\"dataframe\">\n",
       "  <thead>\n",
       "    <tr style=\"text-align: right;\">\n",
       "      <th></th>\n",
       "      <th>name</th>\n",
       "      <th>mfr</th>\n",
       "      <th>type</th>\n",
       "      <th>calories</th>\n",
       "      <th>protein</th>\n",
       "      <th>fat</th>\n",
       "      <th>sodium</th>\n",
       "      <th>fiber</th>\n",
       "      <th>carbo</th>\n",
       "      <th>sugars</th>\n",
       "      <th>potass</th>\n",
       "      <th>vitamins</th>\n",
       "      <th>shelf</th>\n",
       "      <th>weight</th>\n",
       "      <th>cups</th>\n",
       "      <th>rating</th>\n",
       "    </tr>\n",
       "  </thead>\n",
       "  <tbody>\n",
       "    <tr>\n",
       "      <th>0</th>\n",
       "      <td>100% Bran</td>\n",
       "      <td>N</td>\n",
       "      <td>C</td>\n",
       "      <td>70</td>\n",
       "      <td>4</td>\n",
       "      <td>1</td>\n",
       "      <td>130</td>\n",
       "      <td>10.00</td>\n",
       "      <td>5.00</td>\n",
       "      <td>6</td>\n",
       "      <td>280</td>\n",
       "      <td>25</td>\n",
       "      <td>3</td>\n",
       "      <td>1.00</td>\n",
       "      <td>0.33</td>\n",
       "      <td>68.40</td>\n",
       "    </tr>\n",
       "    <tr>\n",
       "      <th>1</th>\n",
       "      <td>100% Natural Bran</td>\n",
       "      <td>Q</td>\n",
       "      <td>C</td>\n",
       "      <td>120</td>\n",
       "      <td>3</td>\n",
       "      <td>5</td>\n",
       "      <td>15</td>\n",
       "      <td>2.00</td>\n",
       "      <td>8.00</td>\n",
       "      <td>8</td>\n",
       "      <td>135</td>\n",
       "      <td>0</td>\n",
       "      <td>3</td>\n",
       "      <td>1.00</td>\n",
       "      <td>1.00</td>\n",
       "      <td>33.98</td>\n",
       "    </tr>\n",
       "    <tr>\n",
       "      <th>2</th>\n",
       "      <td>All-Bran</td>\n",
       "      <td>K</td>\n",
       "      <td>C</td>\n",
       "      <td>70</td>\n",
       "      <td>4</td>\n",
       "      <td>1</td>\n",
       "      <td>260</td>\n",
       "      <td>9.00</td>\n",
       "      <td>7.00</td>\n",
       "      <td>5</td>\n",
       "      <td>320</td>\n",
       "      <td>25</td>\n",
       "      <td>3</td>\n",
       "      <td>1.00</td>\n",
       "      <td>0.33</td>\n",
       "      <td>59.43</td>\n",
       "    </tr>\n",
       "    <tr>\n",
       "      <th>3</th>\n",
       "      <td>All-Bran with Extra Fiber</td>\n",
       "      <td>K</td>\n",
       "      <td>C</td>\n",
       "      <td>50</td>\n",
       "      <td>4</td>\n",
       "      <td>0</td>\n",
       "      <td>140</td>\n",
       "      <td>14.00</td>\n",
       "      <td>8.00</td>\n",
       "      <td>0</td>\n",
       "      <td>330</td>\n",
       "      <td>25</td>\n",
       "      <td>3</td>\n",
       "      <td>1.00</td>\n",
       "      <td>0.50</td>\n",
       "      <td>93.70</td>\n",
       "    </tr>\n",
       "    <tr>\n",
       "      <th>4</th>\n",
       "      <td>Almond Delight</td>\n",
       "      <td>R</td>\n",
       "      <td>C</td>\n",
       "      <td>110</td>\n",
       "      <td>2</td>\n",
       "      <td>2</td>\n",
       "      <td>200</td>\n",
       "      <td>1.00</td>\n",
       "      <td>14.00</td>\n",
       "      <td>8</td>\n",
       "      <td>-1</td>\n",
       "      <td>25</td>\n",
       "      <td>3</td>\n",
       "      <td>1.00</td>\n",
       "      <td>0.75</td>\n",
       "      <td>34.38</td>\n",
       "    </tr>\n",
       "  </tbody>\n",
       "</table>\n",
       "</div>"
      ],
      "text/plain": [
       "                        name mfr type  calories  protein  fat  sodium  fiber  \\\n",
       "0                  100% Bran   N    C        70        4    1     130  10.00   \n",
       "1          100% Natural Bran   Q    C       120        3    5      15   2.00   \n",
       "2                   All-Bran   K    C        70        4    1     260   9.00   \n",
       "3  All-Bran with Extra Fiber   K    C        50        4    0     140  14.00   \n",
       "4             Almond Delight   R    C       110        2    2     200   1.00   \n",
       "\n",
       "   carbo  sugars  potass  vitamins  shelf  weight  cups  rating  \n",
       "0   5.00       6     280        25      3    1.00  0.33   68.40  \n",
       "1   8.00       8     135         0      3    1.00  1.00   33.98  \n",
       "2   7.00       5     320        25      3    1.00  0.33   59.43  \n",
       "3   8.00       0     330        25      3    1.00  0.50   93.70  \n",
       "4  14.00       8      -1        25      3    1.00  0.75   34.38  "
      ]
     },
     "execution_count": 2,
     "metadata": {},
     "output_type": "execute_result"
    }
   ],
   "source": [
    "# fetch data \n",
    "\n",
    "cereal_data = pd.read_csv('Datasets/cereal.csv')\n",
    "\n",
    "cereal_data.head()"
   ]
  },
  {
   "cell_type": "code",
   "execution_count": 3,
   "metadata": {},
   "outputs": [
    {
     "data": {
      "text/plain": [
       "name        0\n",
       "mfr         0\n",
       "type        0\n",
       "calories    0\n",
       "protein     0\n",
       "fat         0\n",
       "sodium      0\n",
       "fiber       0\n",
       "carbo       0\n",
       "sugars      0\n",
       "potass      0\n",
       "vitamins    0\n",
       "shelf       0\n",
       "weight      0\n",
       "cups        0\n",
       "rating      0\n",
       "dtype: int64"
      ]
     },
     "execution_count": 3,
     "metadata": {},
     "output_type": "execute_result"
    }
   ],
   "source": [
    "cereal_data.isna().sum()\n"
   ]
  },
  {
   "cell_type": "code",
   "execution_count": 4,
   "metadata": {},
   "outputs": [
    {
     "data": {
      "text/html": [
       "        <script type=\"text/javascript\">\n",
       "        window.PlotlyConfig = {MathJaxConfig: 'local'};\n",
       "        if (window.MathJax) {MathJax.Hub.Config({SVG: {font: \"STIX-Web\"}});}\n",
       "        if (typeof require !== 'undefined') {\n",
       "        require.undef(\"plotly\");\n",
       "        requirejs.config({\n",
       "            paths: {\n",
       "                'plotly': ['https://cdn.plot.ly/plotly-2.9.0.min']\n",
       "            }\n",
       "        });\n",
       "        require(['plotly'], function(Plotly) {\n",
       "            window._Plotly = Plotly;\n",
       "        });\n",
       "        }\n",
       "        </script>\n",
       "        "
      ]
     },
     "metadata": {},
     "output_type": "display_data"
    }
   ],
   "source": [
    "# define function to import viz libraries\n",
    "import plotly\n",
    "plotly.offline.init_notebook_mode(connected=True)\n",
    "from plotly.graph_objs import *\n",
    "from plotly import tools\n",
    "import plotly.graph_objects as go\n",
    "import seaborn as sns"
   ]
  },
  {
   "cell_type": "code",
   "execution_count": 5,
   "metadata": {},
   "outputs": [
    {
     "data": {
      "application/vnd.plotly.v1+json": {
       "config": {
        "linkText": "Export to plot.ly",
        "plotlyServerURL": "https://plot.ly",
        "showLink": false
       },
       "data": [
        {
         "type": "heatmap",
         "x": [
          "calories",
          "protein",
          "fat",
          "sodium",
          "fiber",
          "carbo",
          "sugars",
          "potass",
          "vitamins",
          "shelf",
          "weight",
          "cups",
          "rating"
         ],
         "y": [
          "calories",
          "protein",
          "fat",
          "sodium",
          "fiber",
          "carbo",
          "sugars",
          "potass",
          "vitamins",
          "shelf",
          "weight",
          "cups",
          "rating"
         ],
         "z": [
          [
           1,
           0.019066068232356913,
           0.49860981430038775,
           0.300649226952687,
           -0.2934127517983214,
           0.2506809146989275,
           0.5623402898034883,
           -0.06660885752200835,
           0.26535629811144956,
           0.09723436772167827,
           0.6960910769169041,
           0.08719954579093939,
           -0.6893760311652587
          ],
          [
           0.019066068232356913,
           1,
           0.20843098958080677,
           -0.054674347511502394,
           0.5003300427811564,
           -0.13086364752080046,
           -0.32914177735769107,
           0.5494074000440632,
           0.0073353705205339344,
           0.1338647890160014,
           0.21615848551951322,
           -0.24446915776667202,
           0.4706184645492595
          ],
          [
           0.49860981430038775,
           0.20843098958080677,
           1,
           -0.00540746414298805,
           0.01671923740947897,
           -0.31804349190832987,
           0.2708191754206804,
           0.19327860172388875,
           -0.031156265534723865,
           0.26369108927169255,
           0.2146250329469057,
           -0.1758921424593897,
           -0.40928366014781004
          ],
          [
           0.300649226952687,
           -0.054674347511502394,
           -0.00540746414298805,
           1,
           -0.07067500888163172,
           0.35598347288627996,
           0.10145138070149183,
           -0.03260346693958186,
           0.3614766881184293,
           -0.06971901520966246,
           0.30857645090918295,
           0.11966461477796649,
           -0.4012952044948486
          ],
          [
           -0.2934127517983214,
           0.5003300427811564,
           0.01671923740947897,
           -0.07067500888163172,
           1,
           -0.35608274012345137,
           -0.14120539454136738,
           0.9033736685942043,
           -0.03224267938538186,
           0.29753905609295095,
           0.24722562983528218,
           -0.513060933401077,
           0.5841604199515836
          ],
          [
           0.2506809146989275,
           -0.13086364752080046,
           -0.31804349190832987,
           0.35598347288627996,
           -0.35608274012345137,
           1,
           -0.3316653780035429,
           -0.34968521613158854,
           0.2581475487999908,
           -0.10179030098005418,
           0.13513642250761326,
           0.3639324718293947,
           0.05205466123376482
          ],
          [
           0.5623402898034883,
           -0.32914177735769107,
           0.2708191754206804,
           0.10145138070149183,
           -0.14120539454136738,
           -0.3316653780035429,
           1,
           0.021695814117238213,
           0.12513725985655869,
           0.10043788569589791,
           0.45064760447853147,
           -0.03235761746718836,
           -0.7596746584301081
          ],
          [
           -0.06660885752200835,
           0.5494074000440632,
           0.19327860172388875,
           -0.03260346693958186,
           0.9033736685942043,
           -0.34968521613158854,
           0.021695814117238213,
           1,
           0.020698686710081227,
           0.3606634055689785,
           0.4163031512538885,
           -0.4951949485717964,
           0.3801653686941005
          ],
          [
           0.26535629811144956,
           0.0073353705205339344,
           -0.031156265534723865,
           0.3614766881184293,
           -0.03224267938538186,
           0.2581475487999908,
           0.12513725985655869,
           0.020698686710081227,
           1,
           0.29926166543645005,
           0.320324059150388,
           0.12840454253286748,
           -0.2405436107690814
          ],
          [
           0.09723436772167827,
           0.1338647890160014,
           0.26369108927169255,
           -0.06971901520966246,
           0.29753905609295095,
           -0.10179030098005418,
           0.10043788569589791,
           0.3606634055689785,
           0.29926166543645005,
           1,
           0.19076196726899003,
           -0.33526875894247565,
           0.025158815679116764
          ],
          [
           0.6960910769169041,
           0.21615848551951322,
           0.2146250329469057,
           0.30857645090918295,
           0.24722562983528218,
           0.13513642250761326,
           0.45064760447853147,
           0.4163031512538885,
           0.320324059150388,
           0.19076196726899003,
           1,
           -0.19958272243853722,
           -0.29812398497794695
          ],
          [
           0.08719954579093939,
           -0.24446915776667202,
           -0.1758921424593897,
           0.11966461477796649,
           -0.513060933401077,
           0.3639324718293947,
           -0.03235761746718836,
           -0.4951949485717964,
           0.12840454253286748,
           -0.33526875894247565,
           -0.19958272243853722,
           1,
           -0.20316006300817854
          ],
          [
           -0.6893760311652587,
           0.4706184645492595,
           -0.40928366014781004,
           -0.4012952044948486,
           0.5841604199515836,
           0.05205466123376482,
           -0.7596746584301081,
           0.3801653686941005,
           -0.2405436107690814,
           0.025158815679116764,
           -0.29812398497794695,
           -0.20316006300817854,
           1
          ]
         ]
        }
       ],
       "layout": {
        "template": {
         "data": {
          "bar": [
           {
            "error_x": {
             "color": "#2a3f5f"
            },
            "error_y": {
             "color": "#2a3f5f"
            },
            "marker": {
             "line": {
              "color": "#E5ECF6",
              "width": 0.5
             },
             "pattern": {
              "fillmode": "overlay",
              "size": 10,
              "solidity": 0.2
             }
            },
            "type": "bar"
           }
          ],
          "barpolar": [
           {
            "marker": {
             "line": {
              "color": "#E5ECF6",
              "width": 0.5
             },
             "pattern": {
              "fillmode": "overlay",
              "size": 10,
              "solidity": 0.2
             }
            },
            "type": "barpolar"
           }
          ],
          "carpet": [
           {
            "aaxis": {
             "endlinecolor": "#2a3f5f",
             "gridcolor": "white",
             "linecolor": "white",
             "minorgridcolor": "white",
             "startlinecolor": "#2a3f5f"
            },
            "baxis": {
             "endlinecolor": "#2a3f5f",
             "gridcolor": "white",
             "linecolor": "white",
             "minorgridcolor": "white",
             "startlinecolor": "#2a3f5f"
            },
            "type": "carpet"
           }
          ],
          "choropleth": [
           {
            "colorbar": {
             "outlinewidth": 0,
             "ticks": ""
            },
            "type": "choropleth"
           }
          ],
          "contour": [
           {
            "colorbar": {
             "outlinewidth": 0,
             "ticks": ""
            },
            "colorscale": [
             [
              0,
              "#0d0887"
             ],
             [
              0.1111111111111111,
              "#46039f"
             ],
             [
              0.2222222222222222,
              "#7201a8"
             ],
             [
              0.3333333333333333,
              "#9c179e"
             ],
             [
              0.4444444444444444,
              "#bd3786"
             ],
             [
              0.5555555555555556,
              "#d8576b"
             ],
             [
              0.6666666666666666,
              "#ed7953"
             ],
             [
              0.7777777777777778,
              "#fb9f3a"
             ],
             [
              0.8888888888888888,
              "#fdca26"
             ],
             [
              1,
              "#f0f921"
             ]
            ],
            "type": "contour"
           }
          ],
          "contourcarpet": [
           {
            "colorbar": {
             "outlinewidth": 0,
             "ticks": ""
            },
            "type": "contourcarpet"
           }
          ],
          "heatmap": [
           {
            "colorbar": {
             "outlinewidth": 0,
             "ticks": ""
            },
            "colorscale": [
             [
              0,
              "#0d0887"
             ],
             [
              0.1111111111111111,
              "#46039f"
             ],
             [
              0.2222222222222222,
              "#7201a8"
             ],
             [
              0.3333333333333333,
              "#9c179e"
             ],
             [
              0.4444444444444444,
              "#bd3786"
             ],
             [
              0.5555555555555556,
              "#d8576b"
             ],
             [
              0.6666666666666666,
              "#ed7953"
             ],
             [
              0.7777777777777778,
              "#fb9f3a"
             ],
             [
              0.8888888888888888,
              "#fdca26"
             ],
             [
              1,
              "#f0f921"
             ]
            ],
            "type": "heatmap"
           }
          ],
          "heatmapgl": [
           {
            "colorbar": {
             "outlinewidth": 0,
             "ticks": ""
            },
            "colorscale": [
             [
              0,
              "#0d0887"
             ],
             [
              0.1111111111111111,
              "#46039f"
             ],
             [
              0.2222222222222222,
              "#7201a8"
             ],
             [
              0.3333333333333333,
              "#9c179e"
             ],
             [
              0.4444444444444444,
              "#bd3786"
             ],
             [
              0.5555555555555556,
              "#d8576b"
             ],
             [
              0.6666666666666666,
              "#ed7953"
             ],
             [
              0.7777777777777778,
              "#fb9f3a"
             ],
             [
              0.8888888888888888,
              "#fdca26"
             ],
             [
              1,
              "#f0f921"
             ]
            ],
            "type": "heatmapgl"
           }
          ],
          "histogram": [
           {
            "marker": {
             "pattern": {
              "fillmode": "overlay",
              "size": 10,
              "solidity": 0.2
             }
            },
            "type": "histogram"
           }
          ],
          "histogram2d": [
           {
            "colorbar": {
             "outlinewidth": 0,
             "ticks": ""
            },
            "colorscale": [
             [
              0,
              "#0d0887"
             ],
             [
              0.1111111111111111,
              "#46039f"
             ],
             [
              0.2222222222222222,
              "#7201a8"
             ],
             [
              0.3333333333333333,
              "#9c179e"
             ],
             [
              0.4444444444444444,
              "#bd3786"
             ],
             [
              0.5555555555555556,
              "#d8576b"
             ],
             [
              0.6666666666666666,
              "#ed7953"
             ],
             [
              0.7777777777777778,
              "#fb9f3a"
             ],
             [
              0.8888888888888888,
              "#fdca26"
             ],
             [
              1,
              "#f0f921"
             ]
            ],
            "type": "histogram2d"
           }
          ],
          "histogram2dcontour": [
           {
            "colorbar": {
             "outlinewidth": 0,
             "ticks": ""
            },
            "colorscale": [
             [
              0,
              "#0d0887"
             ],
             [
              0.1111111111111111,
              "#46039f"
             ],
             [
              0.2222222222222222,
              "#7201a8"
             ],
             [
              0.3333333333333333,
              "#9c179e"
             ],
             [
              0.4444444444444444,
              "#bd3786"
             ],
             [
              0.5555555555555556,
              "#d8576b"
             ],
             [
              0.6666666666666666,
              "#ed7953"
             ],
             [
              0.7777777777777778,
              "#fb9f3a"
             ],
             [
              0.8888888888888888,
              "#fdca26"
             ],
             [
              1,
              "#f0f921"
             ]
            ],
            "type": "histogram2dcontour"
           }
          ],
          "mesh3d": [
           {
            "colorbar": {
             "outlinewidth": 0,
             "ticks": ""
            },
            "type": "mesh3d"
           }
          ],
          "parcoords": [
           {
            "line": {
             "colorbar": {
              "outlinewidth": 0,
              "ticks": ""
             }
            },
            "type": "parcoords"
           }
          ],
          "pie": [
           {
            "automargin": true,
            "type": "pie"
           }
          ],
          "scatter": [
           {
            "marker": {
             "colorbar": {
              "outlinewidth": 0,
              "ticks": ""
             }
            },
            "type": "scatter"
           }
          ],
          "scatter3d": [
           {
            "line": {
             "colorbar": {
              "outlinewidth": 0,
              "ticks": ""
             }
            },
            "marker": {
             "colorbar": {
              "outlinewidth": 0,
              "ticks": ""
             }
            },
            "type": "scatter3d"
           }
          ],
          "scattercarpet": [
           {
            "marker": {
             "colorbar": {
              "outlinewidth": 0,
              "ticks": ""
             }
            },
            "type": "scattercarpet"
           }
          ],
          "scattergeo": [
           {
            "marker": {
             "colorbar": {
              "outlinewidth": 0,
              "ticks": ""
             }
            },
            "type": "scattergeo"
           }
          ],
          "scattergl": [
           {
            "marker": {
             "colorbar": {
              "outlinewidth": 0,
              "ticks": ""
             }
            },
            "type": "scattergl"
           }
          ],
          "scattermapbox": [
           {
            "marker": {
             "colorbar": {
              "outlinewidth": 0,
              "ticks": ""
             }
            },
            "type": "scattermapbox"
           }
          ],
          "scatterpolar": [
           {
            "marker": {
             "colorbar": {
              "outlinewidth": 0,
              "ticks": ""
             }
            },
            "type": "scatterpolar"
           }
          ],
          "scatterpolargl": [
           {
            "marker": {
             "colorbar": {
              "outlinewidth": 0,
              "ticks": ""
             }
            },
            "type": "scatterpolargl"
           }
          ],
          "scatterternary": [
           {
            "marker": {
             "colorbar": {
              "outlinewidth": 0,
              "ticks": ""
             }
            },
            "type": "scatterternary"
           }
          ],
          "surface": [
           {
            "colorbar": {
             "outlinewidth": 0,
             "ticks": ""
            },
            "colorscale": [
             [
              0,
              "#0d0887"
             ],
             [
              0.1111111111111111,
              "#46039f"
             ],
             [
              0.2222222222222222,
              "#7201a8"
             ],
             [
              0.3333333333333333,
              "#9c179e"
             ],
             [
              0.4444444444444444,
              "#bd3786"
             ],
             [
              0.5555555555555556,
              "#d8576b"
             ],
             [
              0.6666666666666666,
              "#ed7953"
             ],
             [
              0.7777777777777778,
              "#fb9f3a"
             ],
             [
              0.8888888888888888,
              "#fdca26"
             ],
             [
              1,
              "#f0f921"
             ]
            ],
            "type": "surface"
           }
          ],
          "table": [
           {
            "cells": {
             "fill": {
              "color": "#EBF0F8"
             },
             "line": {
              "color": "white"
             }
            },
            "header": {
             "fill": {
              "color": "#C8D4E3"
             },
             "line": {
              "color": "white"
             }
            },
            "type": "table"
           }
          ]
         },
         "layout": {
          "annotationdefaults": {
           "arrowcolor": "#2a3f5f",
           "arrowhead": 0,
           "arrowwidth": 1
          },
          "autotypenumbers": "strict",
          "coloraxis": {
           "colorbar": {
            "outlinewidth": 0,
            "ticks": ""
           }
          },
          "colorscale": {
           "diverging": [
            [
             0,
             "#8e0152"
            ],
            [
             0.1,
             "#c51b7d"
            ],
            [
             0.2,
             "#de77ae"
            ],
            [
             0.3,
             "#f1b6da"
            ],
            [
             0.4,
             "#fde0ef"
            ],
            [
             0.5,
             "#f7f7f7"
            ],
            [
             0.6,
             "#e6f5d0"
            ],
            [
             0.7,
             "#b8e186"
            ],
            [
             0.8,
             "#7fbc41"
            ],
            [
             0.9,
             "#4d9221"
            ],
            [
             1,
             "#276419"
            ]
           ],
           "sequential": [
            [
             0,
             "#0d0887"
            ],
            [
             0.1111111111111111,
             "#46039f"
            ],
            [
             0.2222222222222222,
             "#7201a8"
            ],
            [
             0.3333333333333333,
             "#9c179e"
            ],
            [
             0.4444444444444444,
             "#bd3786"
            ],
            [
             0.5555555555555556,
             "#d8576b"
            ],
            [
             0.6666666666666666,
             "#ed7953"
            ],
            [
             0.7777777777777778,
             "#fb9f3a"
            ],
            [
             0.8888888888888888,
             "#fdca26"
            ],
            [
             1,
             "#f0f921"
            ]
           ],
           "sequentialminus": [
            [
             0,
             "#0d0887"
            ],
            [
             0.1111111111111111,
             "#46039f"
            ],
            [
             0.2222222222222222,
             "#7201a8"
            ],
            [
             0.3333333333333333,
             "#9c179e"
            ],
            [
             0.4444444444444444,
             "#bd3786"
            ],
            [
             0.5555555555555556,
             "#d8576b"
            ],
            [
             0.6666666666666666,
             "#ed7953"
            ],
            [
             0.7777777777777778,
             "#fb9f3a"
            ],
            [
             0.8888888888888888,
             "#fdca26"
            ],
            [
             1,
             "#f0f921"
            ]
           ]
          },
          "colorway": [
           "#636efa",
           "#EF553B",
           "#00cc96",
           "#ab63fa",
           "#FFA15A",
           "#19d3f3",
           "#FF6692",
           "#B6E880",
           "#FF97FF",
           "#FECB52"
          ],
          "font": {
           "color": "#2a3f5f"
          },
          "geo": {
           "bgcolor": "white",
           "lakecolor": "white",
           "landcolor": "#E5ECF6",
           "showlakes": true,
           "showland": true,
           "subunitcolor": "white"
          },
          "hoverlabel": {
           "align": "left"
          },
          "hovermode": "closest",
          "mapbox": {
           "style": "light"
          },
          "paper_bgcolor": "white",
          "plot_bgcolor": "#E5ECF6",
          "polar": {
           "angularaxis": {
            "gridcolor": "white",
            "linecolor": "white",
            "ticks": ""
           },
           "bgcolor": "#E5ECF6",
           "radialaxis": {
            "gridcolor": "white",
            "linecolor": "white",
            "ticks": ""
           }
          },
          "scene": {
           "xaxis": {
            "backgroundcolor": "#E5ECF6",
            "gridcolor": "white",
            "gridwidth": 2,
            "linecolor": "white",
            "showbackground": true,
            "ticks": "",
            "zerolinecolor": "white"
           },
           "yaxis": {
            "backgroundcolor": "#E5ECF6",
            "gridcolor": "white",
            "gridwidth": 2,
            "linecolor": "white",
            "showbackground": true,
            "ticks": "",
            "zerolinecolor": "white"
           },
           "zaxis": {
            "backgroundcolor": "#E5ECF6",
            "gridcolor": "white",
            "gridwidth": 2,
            "linecolor": "white",
            "showbackground": true,
            "ticks": "",
            "zerolinecolor": "white"
           }
          },
          "shapedefaults": {
           "line": {
            "color": "#2a3f5f"
           }
          },
          "ternary": {
           "aaxis": {
            "gridcolor": "white",
            "linecolor": "white",
            "ticks": ""
           },
           "baxis": {
            "gridcolor": "white",
            "linecolor": "white",
            "ticks": ""
           },
           "bgcolor": "#E5ECF6",
           "caxis": {
            "gridcolor": "white",
            "linecolor": "white",
            "ticks": ""
           }
          },
          "title": {
           "x": 0.05
          },
          "xaxis": {
           "automargin": true,
           "gridcolor": "white",
           "linecolor": "white",
           "ticks": "",
           "title": {
            "standoff": 15
           },
           "zerolinecolor": "white",
           "zerolinewidth": 2
          },
          "yaxis": {
           "automargin": true,
           "gridcolor": "white",
           "linecolor": "white",
           "ticks": "",
           "title": {
            "standoff": 15
           },
           "zerolinecolor": "white",
           "zerolinewidth": 2
          }
         }
        }
       }
      },
      "text/html": [
