{
 "cells": [
  {
   "cell_type": "code",
   "execution_count": 1,
   "id": "e936930e",
   "metadata": {},
   "outputs": [],
   "source": [
    "# Generic inputs for most ML tasks\n",
    "import pandas as pd\n",
    "import numpy as np\n",
    "import matplotlib.pyplot as plt\n",
    "from sklearn.model_selection import train_test_split\n",
    "from sklearn.linear_model import LinearRegression\n",
    "from sklearn.linear_model import Ridge\n",
    "from sklearn.linear_model import Lasso\n",
    "from sklearn import tree\n",
    "#import graphviz\n",
    "from sklearn.tree import DecisionTreeClassifier\n",
    "from sklearn.tree import DecisionTreeRegressor\n",
    "from sklearn.ensemble import BaggingRegressor\n",
    "from sklearn.ensemble import RandomForestRegressor\n",
    "from sklearn.ensemble import RandomForestClassifier\n",
    "from sklearn.ensemble import GradientBoostingRegressor\n",
    "\n",
    "pd.options.display.float_format = '{:,.2f}'.format\n",
    "\n",
    "# setup interactive notebook mode\n",
    "from IPython.core.interactiveshell import InteractiveShell\n",
    "InteractiveShell.ast_node_interactivity = \"all\"\n",
    "\n",
    "from IPython.display import display, HTML\n",
    "\n",
    "from sklearn.preprocessing import StandardScaler\n",
    "\n",
    "from sklearn.preprocessing import OneHotEncoder\n",
    "\n",
    "def get_ohe(df, col):\n",
    "    ohe = OneHotEncoder(drop='first', handle_unknown='error', sparse=False, dtype='int')\n",
    "    ohe.fit(df[[col]])\n",
    "    temp_df = pd.DataFrame(data=ohe.transform(df[[col]]), columns=ohe.get_feature_names())\n",
    "    # If you have a newer version, replace with columns=ohe.get_feature_names_out()\n",
    "    df.drop(columns=[col], axis=1, inplace=True)\n",
    "    df = pd.concat([df.reset_index(drop=True), temp_df], axis=1)\n",
    "    return df"
   ]
  },
  {
   "cell_type": "code",
   "execution_count": 2,
   "id": "5432ba3b",
   "metadata": {},
   "outputs": [
    {
     "data": {
      "text/html": [
       "<div>\n",
       "<style scoped>\n",
       "    .dataframe tbody tr th:only-of-type {\n",
       "        vertical-align: middle;\n",
       "    }\n",
       "\n",
       "    .dataframe tbody tr th {\n",
       "        vertical-align: top;\n",
       "    }\n",
       "\n",
       "    .dataframe thead th {\n",
       "        text-align: right;\n",
       "    }\n",
       "</style>\n",
       "<table border=\"1\" class=\"dataframe\">\n",
       "  <thead>\n",
       "    <tr style=\"text-align: right;\">\n",
       "      <th></th>\n",
       "      <th>id</th>\n",
       "      <th>College</th>\n",
       "      <th>Private</th>\n",
       "      <th>Apps</th>\n",
       "      <th>Accept</th>\n",
       "      <th>Enroll</th>\n",
       "      <th>Top10perc</th>\n",
       "      <th>Top25perc</th>\n",
       "      <th>F.Undergrad</th>\n",
       "      <th>P.Undergrad</th>\n",
       "      <th>Outstate</th>\n",
       "      <th>Room.Board</th>\n",
       "      <th>Books</th>\n",
       "      <th>Personal</th>\n",
       "      <th>PhD</th>\n",
       "      <th>Terminal</th>\n",
       "      <th>S.F.Ratio</th>\n",
       "      <th>perc.alumni</th>\n",
       "      <th>Expend</th>\n",
       "      <th>Grad.Rate</th>\n",
       "    </tr>\n",
       "  </thead>\n",
       "  <tbody>\n",
       "    <tr>\n",
       "      <th>0</th>\n",
       "      <td>0</td>\n",
       "      <td>Auburn University-Main Campus</td>\n",
       "      <td>No</td>\n",
       "      <td>7548</td>\n",
       "      <td>6791</td>\n",
       "      <td>3070</td>\n",
       "      <td>25</td>\n",
       "      <td>57</td>\n",
       "      <td>16262</td>\n",
       "      <td>1716</td>\n",
       "      <td>6300</td>\n",
       "      <td>3933</td>\n",
       "      <td>600</td>\n",
       "      <td>1908</td>\n",
       "      <td>85</td>\n",
       "      <td>91</td>\n",
       "      <td>16.70</td>\n",
       "      <td>18</td>\n",
       "      <td>6642</td>\n",
       "      <td>69</td>\n",
       "    </tr>\n",
       "    <tr>\n",
       "      <th>1</th>\n",
       "      <td>1</td>\n",
       "      <td>Baylor University</td>\n",
       "      <td>Yes</td>\n",
       "      <td>6075</td>\n",
       "      <td>5349</td>\n",
       "      <td>2367</td>\n",
       "      <td>34</td>\n",
       "      <td>66</td>\n",
       "      <td>9919</td>\n",
       "      <td>484</td>\n",
       "      <td>6450</td>\n",
       "      <td>3920</td>\n",
       "      <td>600</td>\n",
       "      <td>1346</td>\n",
       "      <td>71</td>\n",
       "      <td>76</td>\n",
       "      <td>18.50</td>\n",
       "      <td>38</td>\n",
       "      <td>7503</td>\n",
       "      <td>72</td>\n",
       "    </tr>\n",
       "    <tr>\n",
       "      <th>2</th>\n",
       "      <td>2</td>\n",
       "      <td>Boston University</td>\n",
       "      <td>Yes</td>\n",
       "      <td>20192</td>\n",
       "      <td>13007</td>\n",
       "      <td>3810</td>\n",
       "      <td>45</td>\n",
       "      <td>80</td>\n",
       "      <td>14971</td>\n",
       "      <td>3113</td>\n",
       "      <td>18420</td>\n",
       "      <td>6810</td>\n",
       "      <td>475</td>\n",
       "      <td>1025</td>\n",
       "      <td>80</td>\n",
       "      <td>81</td>\n",
       "      <td>11.90</td>\n",
       "      <td>16</td>\n",
       "      <td>16836</td>\n",
       "      <td>72</td>\n",
       "    </tr>\n",
       "    <tr>\n",
       "      <th>3</th>\n",
       "      <td>3</td>\n",
       "      <td>Bowling Green State University</td>\n",
       "      <td>No</td>\n",
       "      <td>9251</td>\n",
       "      <td>7333</td>\n",
       "      <td>3076</td>\n",
       "      <td>14</td>\n",
       "      <td>45</td>\n",
       "      <td>13699</td>\n",
       "      <td>1213</td>\n",
       "      <td>7452</td>\n",
       "      <td>3352</td>\n",
       "      <td>600</td>\n",
       "      <td>1700</td>\n",
       "      <td>81</td>\n",
       "      <td>89</td>\n",
       "      <td>21.10</td>\n",
       "      <td>14</td>\n",
       "      <td>6918</td>\n",
       "      <td>67</td>\n",
       "    </tr>\n",
       "    <tr>\n",
       "      <th>4</th>\n",
       "      <td>4</td>\n",
       "      <td>Brigham Young University at Provo</td>\n",
       "      <td>Yes</td>\n",
       "      <td>7365</td>\n",
       "      <td>5402</td>\n",
       "      <td>4615</td>\n",
       "      <td>48</td>\n",
       "      <td>82</td>\n",
       "      <td>27378</td>\n",
       "      <td>1253</td>\n",
       "      <td>2340</td>\n",
       "      <td>3580</td>\n",
       "      <td>860</td>\n",
       "      <td>1220</td>\n",
       "      <td>76</td>\n",
       "      <td>76</td>\n",
       "      <td>20.50</td>\n",
       "      <td>40</td>\n",
       "      <td>7916</td>\n",
       "      <td>33</td>\n",
       "    </tr>\n",
       "  </tbody>\n",
       "</table>\n",
       "</div>"
      ],
      "text/plain": [
       "   id                            College Private   Apps  Accept  Enroll  \\\n",
       "0   0      Auburn University-Main Campus      No   7548    6791    3070   \n",
       "1   1                  Baylor University     Yes   6075    5349    2367   \n",
       "2   2                  Boston University     Yes  20192   13007    3810   \n",
       "3   3     Bowling Green State University      No   9251    7333    3076   \n",
       "4   4  Brigham Young University at Provo     Yes   7365    5402    4615   \n",
       "\n",
       "   Top10perc  Top25perc  F.Undergrad  P.Undergrad  Outstate  Room.Board  \\\n",
       "0         25         57        16262         1716      6300        3933   \n",
       "1         34         66         9919          484      6450        3920   \n",
       "2         45         80        14971         3113     18420        6810   \n",
       "3         14         45        13699         1213      7452        3352   \n",
       "4         48         82        27378         1253      2340        3580   \n",
       "\n",
       "   Books  Personal  PhD  Terminal  S.F.Ratio  perc.alumni  Expend  Grad.Rate  \n",
       "0    600      1908   85        91      16.70           18    6642         69  \n",
       "1    600      1346   71        76      18.50           38    7503         72  \n",
       "2    475      1025   80        81      11.90           16   16836         72  \n",
       "3    600      1700   81        89      21.10           14    6918         67  \n",
       "4    860      1220   76        76      20.50           40    7916         33  "
      ]
     },
     "execution_count": 2,
     "metadata": {},
     "output_type": "execute_result"
    },
    {
     "data": {
      "text/html": [
       "<div>\n",
       "<style scoped>\n",
       "    .dataframe tbody tr th:only-of-type {\n",
       "        vertical-align: middle;\n",
       "    }\n",
       "\n",
       "    .dataframe tbody tr th {\n",
       "        vertical-align: top;\n",
       "    }\n",
       "\n",
       "    .dataframe thead th {\n",
       "        text-align: right;\n",
       "    }\n",
       "</style>\n",
       "<table border=\"1\" class=\"dataframe\">\n",
       "  <thead>\n",
       "    <tr style=\"text-align: right;\">\n",
       "      <th></th>\n",
       "      <th>Apps</th>\n",
       "      <th>Accept</th>\n",
       "      <th>Enroll</th>\n",
       "      <th>Top10perc</th>\n",
       "      <th>Top25perc</th>\n",
       "      <th>F.Undergrad</th>\n",
       "      <th>P.Undergrad</th>\n",
       "      <th>Outstate</th>\n",
       "      <th>Room.Board</th>\n",
       "      <th>Books</th>\n",
       "      <th>Personal</th>\n",
       "      <th>PhD</th>\n",
       "      <th>Terminal</th>\n",
       "      <th>S.F.Ratio</th>\n",
       "      <th>perc.alumni</th>\n",
       "      <th>Expend</th>\n",
       "      <th>Grad.Rate</th>\n",
       "    </tr>\n",
       "  </thead>\n",
       "  <tbody>\n",
       "    <tr>\n",
       "      <th>0</th>\n",
       "      <td>7548</td>\n",
       "      <td>6791</td>\n",
       "      <td>3070</td>\n",
       "      <td>25</td>\n",
       "      <td>57</td>\n",
       "      <td>16262</td>\n",
       "      <td>1716</td>\n",
       "      <td>6300</td>\n",
       "      <td>3933</td>\n",
       "      <td>600</td>\n",
       "      <td>1908</td>\n",
       "      <td>85</td>\n",
       "      <td>91</td>\n",
       "      <td>16.70</td>\n",
       "      <td>18</td>\n",
       "      <td>6642</td>\n",
       "      <td>69</td>\n",
       "    </tr>\n",
       "    <tr>\n",
       "      <th>1</th>\n",
       "      <td>6075</td>\n",
       "      <td>5349</td>\n",
       "      <td>2367</td>\n",
       "      <td>34</td>\n",
       "      <td>66</td>\n",
       "      <td>9919</td>\n",
       "      <td>484</td>\n",
       "      <td>6450</td>\n",
       "      <td>3920</td>\n",
       "      <td>600</td>\n",
       "      <td>1346</td>\n",
       "      <td>71</td>\n",
       "      <td>76</td>\n",
       "      <td>18.50</td>\n",
       "      <td>38</td>\n",
       "      <td>7503</td>\n",
       "      <td>72</td>\n",
       "    </tr>\n",
       "    <tr>\n",
       "      <th>2</th>\n",
       "      <td>20192</td>\n",
       "      <td>13007</td>\n",
       "      <td>3810</td>\n",
       "      <td>45</td>\n",
       "      <td>80</td>\n",
       "      <td>14971</td>\n",
       "      <td>3113</td>\n",
       "      <td>18420</td>\n",
       "      <td>6810</td>\n",
       "      <td>475</td>\n",
       "      <td>1025</td>\n",
       "      <td>80</td>\n",
       "      <td>81</td>\n",
       "      <td>11.90</td>\n",
       "      <td>16</td>\n",
       "      <td>16836</td>\n",
       "      <td>72</td>\n",
       "    </tr>\n",
       "    <tr>\n",
       "      <th>3</th>\n",
       "      <td>9251</td>\n",
       "      <td>7333</td>\n",
       "      <td>3076</td>\n",
       "      <td>14</td>\n",
       "      <td>45</td>\n",
       "      <td>13699</td>\n",
       "      <td>1213</td>\n",
       "      <td>7452</td>\n",
       "      <td>3352</td>\n",
       "      <td>600</td>\n",
       "      <td>1700</td>\n",
       "      <td>81</td>\n",
       "      <td>89</td>\n",
       "      <td>21.10</td>\n",
       "      <td>14</td>\n",
       "      <td>6918</td>\n",
       "      <td>67</td>\n",
       "    </tr>\n",
       "    <tr>\n",
       "      <th>4</th>\n",
       "      <td>7365</td>\n",
       "      <td>5402</td>\n",
       "      <td>4615</td>\n",
       "      <td>48</td>\n",
       "      <td>82</td>\n",
       "      <td>27378</td>\n",
       "      <td>1253</td>\n",
       "      <td>2340</td>\n",
       "      <td>3580</td>\n",
       "      <td>860</td>\n",
       "      <td>1220</td>\n",
       "      <td>76</td>\n",
       "      <td>76</td>\n",
       "      <td>20.50</td>\n",
       "      <td>40</td>\n",
       "      <td>7916</td>\n",
       "      <td>33</td>\n",
       "    </tr>\n",
       "  </tbody>\n",
       "</table>\n",
       "</div>"
      ],
      "text/plain": [
       "    Apps  Accept  Enroll  Top10perc  Top25perc  F.Undergrad  P.Undergrad  \\\n",
       "0   7548    6791    3070         25         57        16262         1716   \n",
       "1   6075    5349    2367         34         66         9919          484   \n",
       "2  20192   13007    3810         45         80        14971         3113   \n",
       "3   9251    7333    3076         14         45        13699         1213   \n",
       "4   7365    5402    4615         48         82        27378         1253   \n",
       "\n",
       "   Outstate  Room.Board  Books  Personal  PhD  Terminal  S.F.Ratio  \\\n",
       "0      6300        3933    600      1908   85        91      16.70   \n",
       "1      6450        3920    600      1346   71        76      18.50   \n",
       "2     18420        6810    475      1025   80        81      11.90   \n",
       "3      7452        3352    600      1700   81        89      21.10   \n",
       "4      2340        3580    860      1220   76        76      20.50   \n",
       "\n",
       "   perc.alumni  Expend  Grad.Rate  \n",
       "0           18    6642         69  \n",
       "1           38    7503         72  \n",
       "2           16   16836         72  \n",
       "3           14    6918         67  \n",
       "4           40    7916         33  "
      ]
     },
     "execution_count": 2,
     "metadata": {},
     "output_type": "execute_result"
    },
    {
     "data": {
      "text/html": [
       "<div>\n",
       "<style scoped>\n",
       "    .dataframe tbody tr th:only-of-type {\n",
       "        vertical-align: middle;\n",
       "    }\n",
       "\n",
       "    .dataframe tbody tr th {\n",
       "        vertical-align: top;\n",
       "    }\n",
       "\n",
       "    .dataframe thead th {\n",
       "        text-align: right;\n",
       "    }\n",
       "</style>\n",
       "<table border=\"1\" class=\"dataframe\">\n",
       "  <thead>\n",
       "    <tr style=\"text-align: right;\">\n",
       "      <th></th>\n",
       "      <th>id</th>\n",
       "      <th>College</th>\n",
       "      <th>Private</th>\n",
       "      <th>Apps</th>\n",
       "      <th>Accept</th>\n",
       "      <th>Enroll</th>\n",
       "      <th>Top10perc</th>\n",
       "      <th>Top25perc</th>\n",
       "      <th>F.Undergrad</th>\n",
       "      <th>P.Undergrad</th>\n",
       "      <th>Outstate</th>\n",
       "      <th>Room.Board</th>\n",
       "      <th>Books</th>\n",
       "      <th>Personal</th>\n",
       "      <th>PhD</th>\n",
       "      <th>Terminal</th>\n",
       "      <th>S.F.Ratio</th>\n",
       "      <th>perc.alumni</th>\n",
       "      <th>Expend</th>\n",
       "      <th>Grad.Rate</th>\n",
       "    </tr>\n",
       "  </thead>\n",
       "  <tbody>\n",
       "    <tr>\n",
       "      <th>0</th>\n",
       "      <td>0</td>\n",
       "      <td>Auburn University-Main Campus</td>\n",
       "      <td>No</td>\n",
       "      <td>7548</td>\n",
       "      <td>6791</td>\n",
       "      <td>3070</td>\n",
       "      <td>25</td>\n",
       "      <td>57</td>\n",
       "      <td>16262</td>\n",
       "      <td>1716</td>\n",
       "      <td>6300</td>\n",
       "      <td>3933</td>\n",
       "      <td>600</td>\n",
       "      <td>1908</td>\n",
       "      <td>85</td>\n",
       "      <td>91</td>\n",
       "      <td>16.70</td>\n",
       "      <td>18</td>\n",
       "      <td>6642</td>\n",
       "      <td>69</td>\n",
       "    </tr>\n",
       "    <tr>\n",
       "      <th>1</th>\n",
       "      <td>1</td>\n",
       "      <td>Baylor University</td>\n",
       "      <td>Yes</td>\n",
       "      <td>6075</td>\n",
       "      <td>5349</td>\n",
       "      <td>2367</td>\n",
       "      <td>34</td>\n",
       "      <td>66</td>\n",
       "      <td>9919</td>\n",
       "      <td>484</td>\n",
       "      <td>6450</td>\n",
       "      <td>3920</td>\n",
       "      <td>600</td>\n",
       "      <td>1346</td>\n",
       "      <td>71</td>\n",
       "      <td>76</td>\n",
       "      <td>18.50</td>\n",
       "      <td>38</td>\n",
       "      <td>7503</td>\n",
       "      <td>72</td>\n",
       "    </tr>\n",
       "    <tr>\n",
       "      <th>2</th>\n",
       "      <td>2</td>\n",
       "      <td>Boston University</td>\n",
       "      <td>Yes</td>\n",
       "      <td>20192</td>\n",
       "      <td>13007</td>\n",
       "      <td>3810</td>\n",
       "      <td>45</td>\n",
       "      <td>80</td>\n",
       "      <td>14971</td>\n",
       "      <td>3113</td>\n",
       "      <td>18420</td>\n",
       "      <td>6810</td>\n",
       "      <td>475</td>\n",
       "      <td>1025</td>\n",
       "      <td>80</td>\n",
       "      <td>81</td>\n",
       "      <td>11.90</td>\n",
       "      <td>16</td>\n",
       "      <td>16836</td>\n",
       "      <td>72</td>\n",
       "    </tr>\n",
       "    <tr>\n",
       "      <th>3</th>\n",
       "      <td>3</td>\n",
       "      <td>Bowling Green State University</td>\n",
       "      <td>No</td>\n",
       "      <td>9251</td>\n",
       "      <td>7333</td>\n",
       "      <td>3076</td>\n",
       "      <td>14</td>\n",
       "      <td>45</td>\n",
       "      <td>13699</td>\n",
       "      <td>1213</td>\n",
       "      <td>7452</td>\n",
       "      <td>3352</td>\n",
       "      <td>600</td>\n",
       "      <td>1700</td>\n",
       "      <td>81</td>\n",
       "      <td>89</td>\n",
       "      <td>21.10</td>\n",
       "      <td>14</td>\n",
       "      <td>6918</td>\n",
       "      <td>67</td>\n",
       "    </tr>\n",
       "    <tr>\n",
       "      <th>4</th>\n",
       "      <td>4</td>\n",
       "      <td>Brigham Young University at Provo</td>\n",
       "      <td>Yes</td>\n",
       "      <td>7365</td>\n",
       "      <td>5402</td>\n",
       "      <td>4615</td>\n",
       "      <td>48</td>\n",
       "      <td>82</td>\n",
       "      <td>27378</td>\n",
       "      <td>1253</td>\n",
       "      <td>2340</td>\n",
       "      <td>3580</td>\n",
       "      <td>860</td>\n",
       "      <td>1220</td>\n",
       "      <td>76</td>\n",
       "      <td>76</td>\n",
       "      <td>20.50</td>\n",
       "      <td>40</td>\n",
       "      <td>7916</td>\n",
       "      <td>33</td>\n",
       "    </tr>\n",
       "  </tbody>\n",
       "</table>\n",
       "</div>"
      ],
      "text/plain": [
       "   id                            College Private   Apps  Accept  Enroll  \\\n",
       "0   0      Auburn University-Main Campus      No   7548    6791    3070   \n",
       "1   1                  Baylor University     Yes   6075    5349    2367   \n",
       "2   2                  Boston University     Yes  20192   13007    3810   \n",
       "3   3     Bowling Green State University      No   9251    7333    3076   \n",
       "4   4  Brigham Young University at Provo     Yes   7365    5402    4615   \n",
       "\n",
       "   Top10perc  Top25perc  F.Undergrad  P.Undergrad  Outstate  Room.Board  \\\n",
       "0         25         57        16262         1716      6300        3933   \n",
       "1         34         66         9919          484      6450        3920   \n",
       "2         45         80        14971         3113     18420        6810   \n",
       "3         14         45        13699         1213      7452        3352   \n",
       "4         48         82        27378         1253      2340        3580   \n",
       "\n",
       "   Books  Personal  PhD  Terminal  S.F.Ratio  perc.alumni  Expend  Grad.Rate  \n",
       "0    600      1908   85        91      16.70           18    6642         69  \n",
       "1    600      1346   71        76      18.50           38    7503         72  \n",
       "2    475      1025   80        81      11.90           16   16836         72  \n",
       "3    600      1700   81        89      21.10           14    6918         67  \n",
       "4    860      1220   76        76      20.50           40    7916         33  "
      ]
     },
     "execution_count": 2,
     "metadata": {},
     "output_type": "execute_result"
    }
   ],
   "source": [
    "data = pd.read_csv('College_subset_islr.csv')\n",
    "data.head()\n",
    "sub_set = data.drop(columns = ['id','College','Private'],axis = 1)\n",
    "sub_set.head()\n",
    "data.head()\n",
    "\n",
    "\n",
    "#data.append(data_mit)\n",
    "#sub_set.append(data_mit)\n",
    "#print(sub_set)\n"
   ]
  },
  {
   "cell_type": "code",
   "execution_count": 3,
   "id": "3dce5285",
   "metadata": {},
   "outputs": [
    {
     "data": {
      "text/plain": [
       "2142.413043478261"
      ]
     },
     "execution_count": 3,
     "metadata": {},
     "output_type": "execute_result"
    },
    {
     "data": {
      "text/plain": [
       "1447.8218671291015"
      ]
     },
     "execution_count": 3,
     "metadata": {},
     "output_type": "execute_result"
    }
   ],
   "source": [
    "sub_set['Enroll'].mean()\n",
    "sub_set['Enroll'].std()"
   ]
  },
  {
   "cell_type": "code",
   "execution_count": 4,
   "id": "c9d760fe",
   "metadata": {},
   "outputs": [
    {
     "data": {
      "text/html": [
       "        <script type=\"text/javascript\">\n",
       "        window.PlotlyConfig = {MathJaxConfig: 'local'};\n",
       "        if (window.MathJax) {MathJax.Hub.Config({SVG: {font: \"STIX-Web\"}});}\n",
       "        if (typeof require !== 'undefined') {\n",
       "        require.undef(\"plotly\");\n",
       "        requirejs.config({\n",
       "            paths: {\n",
       "                'plotly': ['https://cdn.plot.ly/plotly-2.9.0.min']\n",
       "            }\n",
       "        });\n",
       "        require(['plotly'], function(Plotly) {\n",
       "            window._Plotly = Plotly;\n",
       "        });\n",
       "        }\n",
       "        </script>\n",
       "        "
      ]
     },
     "metadata": {},
     "output_type": "display_data"
    }
   ],
   "source": [
    "# define function to import viz libraries\n",
    "import plotly\n",
    "plotly.offline.init_notebook_mode(connected=True)\n",
    "from plotly.graph_objs import *\n",
    "from plotly import tools\n",
    "import plotly.graph_objects as go\n",
    "import seaborn as sns\n"
   ]
  },
  {
   "cell_type": "code",
   "execution_count": 5,
   "id": "9fa50ac6",
   "metadata": {},
   "outputs": [
    {
     "data": {
      "application/vnd.plotly.v1+json": {
       "config": {
        "linkText": "Export to plot.ly",
        "plotlyServerURL": "https://plot.ly",
        "showLink": false
       },
       "data": [
        {
         "type": "heatmap",
         "x": [
          "Apps",
          "Accept",
          "Enroll",
          "Top10perc",
          "Top25perc",
          "F.Undergrad",
          "P.Undergrad",
          "Outstate",
          "Room.Board",
          "Books",
          "Personal",
          "PhD",
          "Terminal",
          "S.F.Ratio",
          "perc.alumni",
          "Expend",
          "Grad.Rate"
         ],
         "y": [
          "Apps",
          "Accept",
          "Enroll",
          "Top10perc",
          "Top25perc",
          "F.Undergrad",
          "P.Undergrad",
          "Outstate",
          "Room.Board",
          "Books",
          "Personal",
          "PhD",
          "Terminal",
          "S.F.Ratio",
          "perc.alumni",
          "Expend",
          "Grad.Rate"
         ],
         "z": [
          [
           1,
           0.7737380534390699,
           0.6683360981953683,
           0.20876680713362128,
           0.21668796187898148,
           0.5719778775791612,
           0.16592040812611467,
           0.10174820213976593,
           0.23424269355915966,
           -0.13964209669634883,
           0.10647182885373088,
           0.12571744833382498,
           0.12135748085805324,
           0.025240554971562287,
           -0.021896750702823868,
           0.15275988142420188,
           0.22135965561772983
          ],
          [
           0.7737380534390699,
           1,
           0.858777114117989,
           -0.3090412423354588,
           -0.22372180554427892,
           0.7653206780784377,
           0.3635029955511915,
           -0.2831507447347069,
           -0.2009938783614418,
           -0.044578726186125725,
           0.15061465568170934,
           -0.21502410678127307,
           -0.19120949505514548,
           0.38052654386075135,
           -0.3688717680764144,
           -0.29300707668155357,
           -0.20261298128073754
          ],
          [
           0.6683360981953683,
           0.858777114117989,
           1,
           -0.29965532437678455,
           -0.21308641043701007,
           0.9691832036959372,
           0.4216399039715364,
           -0.5440154657938459,
           -0.4065329404358794,
           0.06334895648803814,
           0.3709988561948369,
           -0.2477896985550003,
           -0.2325619746914426,
           0.5503699354624816,
           -0.2902248498331966,
           -0.38757345745244054,
           -0.32554501063820424
          ],
          [
           0.20876680713362128,
           -0.3090412423354588,
           -0.29965532437678455,
           1,
           0.9376710346003967,
           -0.3279857986819215,
           -0.5055124879055785,
           0.6451078887535728,
           0.6756608398466104,
           -0.06620157898576307,
           -0.30851485042406085,
           0.6960983102080839,
           0.6124569691010545,
           -0.6000128430600328,
           0.7328560983068995,
           0.7093245583162553,
           0.7540223732386154
          ],
          [
           0.21668796187898148,
           -0.22372180554427892,
           -0.21308641043701007,
           0.9376710346003967,
           1,
           -0.24877743757054652,
           -0.5768047906298274,
           0.625118985268497,
           0.6516091284658193,
           -0.0826446120503483,
           -0.3552432077726119,
           0.5616241988554467,
           0.48961550366150997,
           -0.5788119592315312,
           0.7020405034096097,
           0.6537801359279035,
           0.730305003944375
          ],
          [
           0.5719778775791612,
           0.7653206780784377,
           0.9691832036959372,
           -0.3279857986819215,
           -0.24877743757054652,
           1,
           0.4823792504444329,
           -0.641695166704829,
           -0.4751681224169343,
           0.12569729800479656,
           0.46916702285611456,
           -0.2821108853061449,
           -0.24102712120333009,
           0.6117656991952318,
           -0.34965518949142727,
           -0.4412542202849001,
           -0.42036415056254994
          ],
          [
           0.16592040812611467,
           0.3635029955511915,
           0.4216399039715364,
           -0.5055124879055785,
           -0.5768047906298274,
           0.4823792504444329,
           1,
           -0.49368862142853315,
           -0.449115477959023,
           -0.02061818613819004,
           0.5809287624208326,
           -0.14027022306105288,
           -0.13545607451694536,
           0.44752340749144204,
           -0.5392370763200887,
           -0.3579500766879638,
           -0.5630743941493306
          ],
          [
           0.10174820213976593,
           -0.2831507447347069,
           -0.5440154657938459,
           0.6451078887535728,
           0.625118985268497,
           -0.641695166704829,
           -0.49368862142853315,
           1,
           0.8334767032643309,
           -0.2346755391896432,
           -0.5240048694037953,
           0.5964800773281732,
           0.5529994757943868,
           -0.8196731032996419,
           0.4971764282048235,
           0.7411937909427074,
           0.6884013305100508
          ],
          [
           0.23424269355915966,
           -0.2009938783614418,
           -0.4065329404358794,
           0.6756608398466104,
           0.6516091284658193,
           -0.4751681224169343,
           -0.449115477959023,
           0.8334767032643309,
           1,
           -0.18544184356547994,
           -0.46968134085431507,
           0.49211931137494513,
           0.46324655974203083,
           -0.7293836763728251,
           0.3951521766572631,
           0.7349734675687225,
           0.6298796485227023
          ],
          [
           -0.13964209669634883,
           -0.044578726186125725,
           0.06334895648803814,
           -0.06620157898576307,
           -0.0826446120503483,
           0.12569729800479656,
           -0.02061818613819004,
           -0.2346755391896432,
           -0.18544184356547994,
           1,
           0.21986743876990683,
           0.007749250866157235,
           0.03947245236198342,
           0.2495240437250749,
           -0.14024108783722133,
           -0.2606918929553244,
           -0.23854846141652133
          ],
          [
           0.10647182885373088,
           0.15061465568170934,
           0.3709988561948369,
           -0.30851485042406085,
           -0.3552432077726119,
           0.46916702285611456,
           0.5809287624208326,
           -0.5240048694037953,
           -0.46968134085431507,
           0.21986743876990683,
           1,
           -0.13071396490183174,
           -0.059563535825406876,
           0.27637720694554063,
           -0.3522765061068403,
           -0.27068650353910456,
           -0.4507281063868168
          ],
          [
           0.12571744833382498,
           -0.21502410678127307,
           -0.2477896985550003,
           0.6960983102080839,
           0.5616241988554467,
           -0.2821108853061449,
           -0.14027022306105288,
           0.5964800773281732,
           0.49211931137494513,
           0.007749250866157235,
           -0.13071396490183174,
           1,
           0.9220849140434648,
           -0.5693448863672484,
           0.3847291646950761,
           0.592122149365817,
           0.5462008829687764
          ],
          [
           0.12135748085805324,
           -0.19120949505514548,
           -0.2325619746914426,
           0.6124569691010545,
           0.48961550366150997,
           -0.24102712120333009,
           -0.13545607451694536,
           0.5529994757943868,
           0.46324655974203083,
           0.03947245236198342,
           -0.059563535825406876,
           0.9220849140434648,
           1,
           -0.4960624744580552,
           0.25702002508389427,
           0.5432258157031921,
           0.47503030863044626
          ],
          [
           0.025240554971562287,
           0.38052654386075135,
           0.5503699354624816,
           -0.6000128430600328,
           -0.5788119592315312,
           0.6117656991952318,
           0.44752340749144204,
           -0.8196731032996419,
           -0.7293836763728251,
           0.2495240437250749,
           0.27637720694554063,
           -0.5693448863672484,
           -0.4960624744580552,
           1,
           -0.4294398708785314,
           -0.7758648220146432,
           -0.5488650244166208
          ],
          [
           -0.021896750702823868,
           -0.3688717680764144,
           -0.2902248498331966,
           0.7328560983068995,
           0.7020405034096097,
           -0.34965518949142727,
           -0.5392370763200887,
           0.4971764282048235,
           0.3951521766572631,
           -0.14024108783722133,
           -0.3522765061068403,
           0.3847291646950761,
           0.25702002508389427,
           -0.4294398708785314,
           1,
           0.5975373416457409,
           0.6950730062803401
          ],
          [
           0.15275988142420188,
           -0.29300707668155357,
           -0.38757345745244054,
           0.7093245583162553,
           0.6537801359279035,
           -0.4412542202849001,
           -0.3579500766879638,
           0.7411937909427074,
           0.7349734675687225,
           -0.2606918929553244,
           -0.27068650353910456,
           0.592122149365817,
           0.5432258157031921,
           -0.7758648220146432,
           0.5975373416457409,
           1,
           0.6349100481880429
          ],
          [
           0.22135965561772983,
           -0.20261298128073754,
           -0.32554501063820424,
           0.7540223732386154,
           0.730305003944375,
           -0.42036415056254994,
           -0.5630743941493306,
           0.6884013305100508,
           0.6298796485227023,
           -0.23854846141652133,
           -0.4507281063868168,
           0.5462008829687764,
           0.47503030863044626,
           -0.5488650244166208,
           0.6950730062803401,
           0.6349100481880429,
           1
          ]
         ]
        }
       ],
       "layout": {
        "template": {
         "data": {
          "bar": [
           {
            "error_x": {
             "color": "#2a3f5f"
            },
            "error_y": {
             "color": "#2a3f5f"
            },
            "marker": {
             "line": {
              "color": "#E5ECF6",
              "width": 0.5
             },
             "pattern": {
              "fillmode": "overlay",
              "size": 10,
              "solidity": 0.2
             }
            },
            "type": "bar"
           }
          ],
          "barpolar": [
           {
            "marker": {
             "line": {
              "color": "#E5ECF6",
              "width": 0.5
             },
             "pattern": {
              "fillmode": "overlay",
              "size": 10,
              "solidity": 0.2
             }
            },
            "type": "barpolar"
           }
          ],
          "carpet": [
           {
            "aaxis": {
             "endlinecolor": "#2a3f5f",
             "gridcolor": "white",
             "linecolor": "white",
             "minorgridcolor": "white",
             "startlinecolor": "#2a3f5f"
            },
            "baxis": {
             "endlinecolor": "#2a3f5f",
             "gridcolor": "white",
             "linecolor": "white",
             "minorgridcolor": "white",
             "startlinecolor": "#2a3f5f"
            },
            "type": "carpet"
           }
          ],
          "choropleth": [
           {
            "colorbar": {
             "outlinewidth": 0,
             "ticks": ""
            },
            "type": "choropleth"
           }
          ],
          "contour": [
           {
            "colorbar": {
             "outlinewidth": 0,
             "ticks": ""
            },
            "colorscale": [
             [
              0,
              "#0d0887"
             ],
             [
              0.1111111111111111,
              "#46039f"
             ],
             [
              0.2222222222222222,
              "#7201a8"
             ],
             [
              0.3333333333333333,
              "#9c179e"
             ],
             [
              0.4444444444444444,
              "#bd3786"
             ],
             [
              0.5555555555555556,
              "#d8576b"
             ],
             [
              0.6666666666666666,
              "#ed7953"
             ],
             [
              0.7777777777777778,
              "#fb9f3a"
             ],
             [
              0.8888888888888888,
              "#fdca26"
             ],
             [
              1,
              "#f0f921"
             ]
            ],
            "type": "contour"
           }
          ],
          "contourcarpet": [
           {
            "colorbar": {
             "outlinewidth": 0,
             "ticks": ""
            },
            "type": "contourcarpet"
           }
          ],
          "heatmap": [
           {
            "colorbar": {
             "outlinewidth": 0,
             "ticks": ""
            },
            "colorscale": [
             [
              0,
              "#0d0887"
             ],
             [
              0.1111111111111111,
              "#46039f"
             ],
             [
              0.2222222222222222,
              "#7201a8"
             ],
             [
              0.3333333333333333,
              "#9c179e"
             ],
             [
              0.4444444444444444,
              "#bd3786"
             ],
             [
              0.5555555555555556,
              "#d8576b"
             ],
             [
              0.6666666666666666,
              "#ed7953"
             ],
             [
              0.7777777777777778,
              "#fb9f3a"
             ],
             [
              0.8888888888888888,
              "#fdca26"
             ],
             [
              1,
              "#f0f921"
             ]
            ],
            "type": "heatmap"
           }
          ],
          "heatmapgl": [
           {
            "colorbar": {
             "outlinewidth": 0,
             "ticks": ""
            },
            "colorscale": [
             [
              0,
              "#0d0887"
             ],
             [
              0.1111111111111111,
              "#46039f"
             ],
             [
              0.2222222222222222,
              "#7201a8"
             ],
             [
              0.3333333333333333,
              "#9c179e"
             ],
             [
              0.4444444444444444,
              "#bd3786"
             ],
             [
              0.5555555555555556,
              "#d8576b"
             ],
             [
              0.6666666666666666,
              "#ed7953"
             ],
             [
              0.7777777777777778,
              "#fb9f3a"
             ],
             [
              0.8888888888888888,
              "#fdca26"
             ],
             [
              1,
              "#f0f921"
             ]
            ],
            "type": "heatmapgl"
           }
          ],
          "histogram": [
           {
            "marker": {
             "pattern": {
              "fillmode": "overlay",
              "size": 10,
              "solidity": 0.2
             }
            },
            "type": "histogram"
           }
          ],
          "histogram2d": [
           {
            "colorbar": {
             "outlinewidth": 0,
             "ticks": ""
            },
            "colorscale": [
             [
              0,
              "#0d0887"
             ],
             [
              0.1111111111111111,
              "#46039f"
             ],
             [
              0.2222222222222222,
              "#7201a8"
             ],
             [
              0.3333333333333333,
              "#9c179e"
             ],
